#This is data of staffing requirements calculated by Erlang A for instance20, and the total number of employees available is 50.

# staffing requirements for 15 intervals in 28 days are (each row represents a day, and each column represents an interval):
'[11	13	14	18	20	23	21	19	18	17	17	16	15	13	10];'
'[10	12	14	17	19	22	20	19	19	17	20	18	16	14	12];'
'[9	11	13	15	17	21	18	15	16	17	15	13	11	11	9];'
'[9   9	11	12	16	19	18	15	14	16	15	13	11	9	6];'
'[8	9	11	13	15	19	18	15	16	17	14	13	10	9	8];'
'[10	11	13	15	18	21	19	17	17	17	17	15	13	12	9];'
'[9	11	13	15	17	21	19	16	17	17	16	15	12	11	9];'
'[11	13	14	18	20	23	21	19	18	17	17	16	15	13	10];'
'[10	12	14	17	19	22	20	19	19	17	20	18	16	14	12];'
'[9	11	13	15	17	21	18	15	16	17	15	13	11	11	9];'
'[9	9	11	12	16	19	18	15	14	16	15	13	11	9	6];'
'[8	9	11	13	15	19	18	15	16	16	14	13	10	9	8];'
'[10	11	13	15	18	21	19	17	17	17	17	15	13	12	9];'
'[9	11	13	15	17	21	19	16	17	17	16	15	12	11	9];'
'[9	12	14	16	20	22	20	15	14	15	17	16	15	13	10];'
'[9	11	13	15	17	21	18	15	16	17	15	13	11	11	9];'
'[9	9	11	12	16	19	18	15	14	16	15	13	11	9	6];'
'[7	9	11	12	15	18	17	13	14	15	13	11	10	8	6];'
'[7	9	11	14	16	19	17	15	14	13	13	12	11	9	6];'
'[9	10	12	14	17	20	18	15	15	16	15	13	12	10	8];'
'[8	10	12	14	16	20	18	15	15	16	14	13	11	10	7];'
'[10	13	15	17	21	23	21	16	15	16	18	17	16	14	11];'
'[10	12	14	16	18	22	19	16	17	17	16	14	12	13	10];'
'[10	10	12	13	17	20	18	16	15	17	16	14	12	10	7];'
'[9	9	11	14	16	19	17	15	14	13	13	12	11	9	6];'
'[8	9	11	12	15	18	17	13	14	14	13	11	10	8	6];'
'[10	11	13	15	18	21	19	16	15	16	16	14	13	11	8];'
'[10	10	12	14	17	20	18	15	15	16	15	13	12	10	8];'
    
    
