#This is data of staffing requirements calculated by Erlang A for instance05, and the total number of employees available is 17.

# staffing requirements for 15 intervals in 28 days are (each row represents a day, and each column represents an interval):
'[6     7     8     8     7     7     6     6     5     4     3     3     3     3     2],'
'[5     6     7     7     7     5     5     5     6     3     3     3     3     3     2],'
'[4     5     7     7     6     4     4     4     5     4     3     3     3     3     2],'
'[4	  5	  5	  6	  6	  5	  6	  6	  6	  3	  2	  1	  1	  2     1],'
'[4	  4	  5	  5	  5	  4	  5	  6	  5	  2	  2	  2	  1	  1     1],'
'[4 	  4	  4	  5	  5	  3	  5	  5	  5	  2	  2	  1	  1	  2     1],'
'[3	  4	  4	  5	  5	  3	  5	  5	  5	  3	  2	  1	  1	  2     1],'
'[6     7     8     8     7     7     6     6     5     4     3     3     3     3     2],'
'[5     6     7     7     7     5     5     5     6     3     3     3     3     3     2],'
'[4     5     7     7     6     4     4     4     5     4     3     3     3     3     2],'
'[4	  5	  5	  6	  6	  5	  6	  6	  6	  3	  2	  1	  1	  2     1],'
'[4	  4	  5	  5	  5	  4	  5	  6	  5	  2	  2	  2	  1	  1     1],'
'[4	  4	  4	  5	  5	  3	  5	  5	  5	  2	  2	  1	  1	  2     1],'
'[3	  4	  4	  5	  5	  3	  5	  5	  5	  3	  2	  1	  1	  2     1],'
'[6     7     8     8     7     7     6     6     5     4     3     3     3     3     2],'
'[5     6     7     7     7     5     5     5     6     3     3     3     3     3     2],'
'[4     5     7     7     6     4     4     4     5     4     3     3     3     3     2],'
'[4	  5	  5	  6	  6	  5	  6	  6	  6	  3	  2	  1	  1	  2     1],'
'[4	  4	  5	  5	  5	  4	  5	  6	  5	  2	  2	  2	  1	  1     1],'
'[4	  4	  4	  5	  5	  3	  5	  5	  5	  2	  2	  1	  1	  2     1],'
'[3	  4	  4	  5	  5	  3	  5	  5	  5	  3	  2	  1	  1	  2     1],'
'[6     7     8     8     7     7     6     6     5     4     3     3     3     3     2],'
'[5     6     7     7     7     5     5     5     6     3     3     3     3     3     2],'
'[4     5     7     7     6     4     4     4     5     4     3     3     3     3     2],'
'[4	  5	  5	  6	  6	  5	  6	  6	  6	  3	  2	  1	  1	  2     1],'
'[4	  4	  5	  5	  5	  4	  5	  6	  5	  2	  2	  2	  1	  1     1],'
'[4	  4	  4	  5	  5	  3	  5	  5	  5	  2	  2	  1	  1	  2     1],'
'[3	  4	  4	  5	  5	  3	  5	  5	  5	  3	  2	  1	  1	  2     1],'
    
