#This is data of staffing requirements calculated by Erlang A for instance11, and the total number of employees available is 51.

# staffing requirements for 15 intervals in 28 days are (each row represents a day, and each column represents an interval):
'[10	13	15	17	21	23	21	16	15	16	18	17	16	14	11];'
'[10	12	14	16	18	22	19	16	17	17	16	14	12	13	10];'
'[10	10	12	13	17	20	18	16	15	17	16	14	12	10	7];'
'[9	9	11	14	16	19	17	15	14	13	13	12	11	9	6];'
'[8	9	11	12	15	18	17	13	14	14	13	11	10	8	6];'
'[8	9	9	12	15	16	15	14	13	13	11	9	7	7	5];'
'[8	7	8	10	14	17	16	15	14	12	14	13	10	8	7];'
'[11	13	16	19	22	24	23	21	19	20	19	17	16	14	12];'
'[10	13	16	19	19	22	20	19	21	20	18	16	15	15	13];'
'[10	12	15	18	19	21	20	18	20	19	17	15	14	13	11];'
'[10	11	14	17	18	20	18	17	16	16	14	13	12	11	11];'
'[11	12	13	15	18	20	19	18	20	17	15	14	13	11	10];'
'[10	11	12	14	17	19	17	16	17	15	15	13	11	9	9];'
'[10	10	12	15	18	20	18	17	16	14	16	15	12	10	9];'
'[15	17	20	22	21	20	21	22	20	18	17	17	14	13	9];'
'[14	16	18	21	21	20	19	20	21	19	18	16	13	10	9];'
'[13	15	17	19	20	20	19	20	19	18	17	16	14	12	10];'
'[13	14	16	19	19	18	19	20	20	18	16	16	15	13	11];'
'[12  14	14	17	19	17	16	18	19	18	17	15	13	11	9];'
'[11  13	14	16	18	16	15	17	18	18	16	14	12	10	8];'
'[10	13	16	17	18	17	16	18	17	14	15	13	11	10	8];'
'[12	14	16	18	20	22	21	19	20	18	17	16	14	12	10];'
'[11	12	14	17	20	20	19	19	20	18	17	16	16	14	12];'
'[10	12	14	16	19	19	18	15	17	17	15	13	11	11	9];'
'[10	10	12	14	16	19	18	15	17	14	14	13	11	9	8];'
'[9	10	13	17	16	16	16	18	16	15	14	13	10	9	8];'
'[8	9	10	13	16	17	16	15	16	15	12	10	8	8	6];'
'[7	8	11	11	15	18	16	15	14	13	15	13	10	8	7];'
    
