# The total number of employees available is 48.

# staffing requirements are 
('//10	12	14	16	20	22	20	15	17	16	16	15	15	13	10];'
'//9	11	13	15	17	21	18	15	18	17	15	13	11	11	9];'
'//9	9	11	12	16	19	18	15	16	16	15	13	11	9	6];'
'//7	9	11	12	15	18	17	13	15	14	13	11	10	8	6];'
'//7	9	11	14	16	19	17	15	14	13	13	12	11	9	6];'
'//6	8	10	13	16	16	15	14	13	13	11	9	7	7	5];'
'//6	7	8	10	14	17	16	15	15	13	13	13	10	8	7];'
'//11	13	16	19	22	24	23	21	19	20	19	17	16	14	12];'
'//10	13	16	19	19	22	20	19	21	20	18	16	15	15	13];'
'//10	12	15	18	19	21	20	18	20	19	17	15	14	13	11];'
'//10	11	14	17	18	20	18	17	16	16	14	13	12	11	11];'
'//11	12	13	15	18	20	19	18	20	17	15	14	13	11	10];'
'//11    13  	14	16	18	16	15	17	18	18	16	14	12	10	8];'
'//10	13	16	17	18	17	16	18	17	14	15	13	11	10	8];'
'//9	12	14	16	20	22	20	15	14	15	17	16	15	13	10];'
'//9	11	13	15	17	21	18	15	16	17	15	13	11	11	9];'
'//9	9	11	12	16	19	18	15	14	16	15	13	11	9	6];'
'//7	9	11	12	15	18	17	13	14	15	13	11	10	8	6];'
'//7	9	11	14	16	19	17	15	14	13	13	12	11	9	6];'
'//8	9	9	12	15	16	15	14	13	13	11	9	7	7	5];'
'//8	7	8	10	14	17	16	15	14	12	14	13	10	8	7];'
'//11	12	14	16	20	22	20	15	14	15	17	16	15	13	10];'
'//9	11	12	15	18	21	19	15	13	14	16	15	13	11	9];'
'//8	10	12	14	16	20	17	14	15	16	14	12	10	10	8];'
'//7	9	11	12	15	18	17	13	14	15	13	11	10	8	6];'
'//8	9	11	13	15	19	18	15	16	17	14	13	10	9	8];'
'//8	9	10	13	16	17	16	15	16	15	12	10	8	8	6];'
'//7	8	11	11	15	18	16	15	14	13	15	13	10	8	7];')
